Amsterdam2023				
1	14.2	10.4	0.5	2.2
2	11.2	3.5	0.46	2.17
3	8.4	1.3	0.18	1.34
4	12.2	8.5	1.15	1.76
5	10.9	9.2	0.2	2.48
6	10.5	8.3	0.18	3.06
7	11.2	8.2	0.08	3.26
8	9.9	6.6	0.08	3.51
9	8.4	4.5	0.44	2.44
10	10.5	4.9	0.76	1.41
11	11.3	7.7	0.61	3.83
12	11.4	8.1	2.49	0.85
13	9.1	6.8	0.33	2.85
14	10.9	5.3	1.69	0.34
15	7.3	3.8	0.9	2.59
16	5	2.1	1.26	0.58
17	4.6	-1.7	0.06	4.58
18	5.1	-1.6	0.51	3.87
19	5.3	-1.1	0.36	4.37
20	1.4	-1.4	1.64	3.69
21	2.6	-6.1	0	4.21
22	2.4	-1.8	0	3.86
23	3.8	0.7	0	2.46
24	2.1	-1.3	0	2.26
25	1.4	-0.3	0.01	2.15
26	7.7	0.6	0.29	4.34
27	4.9	2.2	0	1.76
28	5.6	0.5	0	5.51
29	7.2	2.9	0.04	1.2
30	8.1	5	0.11	4.93
31	9.1	4.4	0.06	3.18
32	7.9	6.2	0.18	3.43
33	8.7	7	0.42	1.08
34	10.4	6.9	0.12	2.16
35	9.2	6.2	0.08	2.03
36	8.3	2	0.19	5.57
37	7.8	-0.6	0	5.86
38	4.7	-1.9	0	5.81
39	5.7	-3.8	0	7.56
40	7.2	-1.6	0.01	3.55
41	7.7	1.3	0	7.04
42	9.8	5.5	0	4.58
43	9.1	4.1	0.01	2.35
44	11.2	2	0	8.13
45	11.2	0.3	0	7.83
46	10.1	-1.3	0	6.93
47	9.8	5.3	0.22	2.37
48	11.1	8.5	0.12	4.04
49	10.9	8.7	0.61	4.19
50	9.2	4.6	0.72	4.26
51	9.3	5.7	0	2.64
52	10.6	6.5	0.04	4.2
53	10.2	2.7	0.02	5.01
54	9.3	0.6	0.12	3.58
55	8.2	0.5	0.41	5.13
56	6.7	-1.1	0.01	9.71
57	6.2	0.4	0	9.47
58	6.3	0.4	0	8.67
59	5.6	-1.1	0.34	7.36
60	6	-3.1	0	11.71
61	6.7	-0.2	0	11.73
62	7.5	-0.8	0	6.3
63	7.9	4.6	0.03	5.43
64	6.3	1.6	0.1	7.12
65	6	0.2	0.85	7.23
66	4.8	-2.1	0.35	5.92
67	3.8	-2.2	0.16	5.17
68	3.7	0.7	0.83	3.84
69	2	0.3	1.57	1.54
70	6.3	-2.2	0.01	12.25
71	10.4	0.4	0.12	6.56
72	14.5	9	0.36	11.12
73	9.8	3.2	0.86	7.8
74	8.4	0.9	0.12	13.65
75	12.3	4.2	0.14	8.19
76	15	7.3	0.03	8.91
77	14.8	7.1	0.2	12.25
78	12.1	7.1	0.15	6.8
79	9	6.2	0.61	2.44
80	12.4	8.5	0.23	5.5
81	11.2	8.7	0.62	2.79
82	14	9.2	0.66	14.15
83	12.3	8.5	0.24	14.37
84	11.1	5.8	0.49	12.62
85	8.8	2.8	0.02	6.83
86	7.1	2.7	0.05	16.1
87	7.2	-1.1	0.14	8.37
88	13.2	5.1	0.09	6.58
89	13.3	9.7	0.09	14.13
90	12.8	9.4	1.69	5.23
91	11.4	6.5	0.85	4.35
92	9.1	1.9	0.04	18.91
93	8.7	0.5	0	19.49
94	9.2	-1.5	0	18.86
95	10.9	-2.4	0	19.58
96	7.9	2.4	0.67	3.24
97	9.7	7.4	0.05	5.4
98	12.4	2.6	0	19.23
99	14	7.8	0.03	10.84
100	14.2	8.1	0.59	6
101	11.2	7.2	0.04	20.04
102	11.2	7.2	0.98	13.98
103	10.8	5.6	0.79	16.3
104	13.6	3	0.01	20.75
105	12.1	5.6	0.01	17.49
106	10.7	6.4	0.33	5.64
107	13.6	6.5	0.02	16.75
108	13.7	5.6	0.05	12.94
109	13	7.6	0	22.55
110	10.7	6.1	0.13	13.31
111	15.3	7.8	1.42	13
112	14.9	4.2	0.51	9.96
113	15.8	6.6	1.65	14.79
114	9.8	6	1.3	10.77
115	8.7	3.1	0.08	20.94
116	9.2	1.9	0.05	14.06
117	12.4	-0.6	0	18.6
118	14.4	6.7	0.14	9.21
119	15	6.3	0	19.69
120	15.9	4.3	0.07	21.85
121	16.1	6.5	0.04	18.24
122	11.8	7	0	16.88
123	12.2	3.6	0	21.51
124	19.6	6	0	22.29
125	16.8	10.8	0.41	16.07
126	18.9	9.2	0.3	18.69
127	20.7	11.6	1.95	15.07
128	18	11.2	0.05	15.76
129	14.5	11.2	1.6	3.97
130	14.7	10.8	0.12	13.92
131	16.6	10.6	0.69	13.52
132	20.2	10.4	0.21	20.41
133	20.1	10.7	0	25.96
134	18.9	9	0	21.45
135	15	6.3	0.12	15.43
136	12.9	6.6	0.05	21.41
137	13.5	6.4	0	24.72
138	13.3	4.3	0	20.42
139	17.3	6.8	0	25.17
140	18.2	10.3	0	21.5
141	19.8	12.1	0	22.21
142	22.9	12	2.62	22.43
143	14	7.9	0	20.98
144	15.6	5.2	0.04	17.79
145	15.7	7.6	0.01	22.02
146	15.9	8.4	0	27.1
147	18.6	7.8	0	28
148	19.4	10	0	25.55
149	15	9	0	23.13
150	14.3	9.2	0.03	12.25
151	20.2	9.7	0	28.15
152	15.7	10	0	17.57
153	17.4	9.8	0.05	17.77
154	19.5	10.3	0	28.93
155	20	10	0	28.87
156	18.6	9.6	0	28.69
157	18.7	9.4	0	28.57
158	19.8	9.9	0	27.87
159	21.5	10.7	0	27.94
160	26.9	12.2	0	27.35
161	26.9	16.9	0	27.68
162	28.8	17.6	0	26.5
163	28.3	17.7	0	28.47
164	25.5	16.4	0	29.59
165	23.8	15.2	0	29.26
166	25.4	14.9	0	26.54
167	24.4	13.3	0	28.71
168	25.3	11	0	28.15
169	24.1	17.7	0.04	14.27
170	22.9	17.2	0.06	23.07
171	28.2	18	0.19	21.28
172	22.1	15.9	0.01	28.22
173	24.2	14	0.18	15.05
174	23.2	14.5	0	28.43
175	25.2	14.7	0	28.01
176	29.6	16.7	0	28.75
177	22.9	14.8	0.02	26.8
178	19.2	13.8	0.01	14.9
179	21.2	14.5	0.23	14.33
180	20	13.4	0.14	12.45
181	21.4	11.1	0.09	20.77
182	19.7	16.2	0.94	9.89
183	18.1	14.5	0.04	26.1
184	18.1	14.2	0.25	20.69
185	18.8	13.3	0.09	23.97
186	16.4	12.3	3.75	10.99
187	19.4	11.7	0.13	26.07
188	26.3	13.1	0	29.02
189	31.1	16.8	0	26.7
190	28.5	17.4	0.45	20.01
191	22	15.8	0.01	27.63
192	24.4	16.1	0.24	23.58
193	19.8	15.6	0.39	23.93
194	19.6	15	0.3	24.37
195	22.7	13.6	0.02	16.32
196	25	17.5	0.12	21.45
197	20.7	16.1	0.08	25.23
198	18.9	15.1	0.76	23.14
199	21.3	14.2	0.03	21.66
200	20.1	14.3	0.43	23.11
201	20	11.6	0.03	25.43
202	18.1	12	0.17	19.81
203	18.5	13.2	0.63	10.08
204	21.1	14.6	0.41	16.39
205	19.9	12.1	0.5	18.94
206	17.3	11.1	0.06	23.16
207	18.4	11.6	0.31	22.76
208	18.8	14.2	1.5	5.74
209	21.5	16.8	0.28	18.04
210	21.3	16.5	0.17	21.8
211	19.1	16.2	0.56	19.55
212	20.2	15.9	1.84	9.13
213	18.6	14.9	0.46	16.61
214	20.8	14.1	1.4	16.11
215	19	12.8	0.84	12.32
216	18.9	12.8	0.46	21.05
217	18.2	12.3	0.4	10.89
218	16	13.4	0.76	8.04
219	17	13.5	0.51	20.57
220	17.5	13.4	0.32	18.11
221	19	10.7	0.03	22.3
222	22	11.9	0	18.15
223	25	15.2	0	20.04
224	21.2	17.4	0.38	19.3
225	21.4	15.6	0.1	18.68
226	25.4	13.8	0	19.31
227	21.3	13.5	0.03	17.28
228	22.5	11.5	0	21.19
229	21	14.8	0.03	15.6
230	24.3	16.6	0.01	14.59
231	23.9	16.3	0.39	13.73
232	22.8	15.2	0	21.91
233	23.3	12.9	0.01	21.7
234	21.5	14.7	0	20.17
235	23.5	14.4	0	20.86
236	24.1	15.2	0.47	10.05
237	22.4	14.5	0.54	12.77
238	18.5	13.5	0.27	16.34
239	17	11.9	0.34	16.5
240	19	11.9	0.09	17.91
241	18.7	11.1	0.11	16.36
242	17.3	11.2	1.41	12.78
243	18.1	11.3	0.5	18.6
244	19.5	12.1	0.19	9.98
245	21	13.5	0.06	15.85
246	22.7	11.9	0	16.15
247	23.9	12.5	0	18.49
248	27.6	15.5	0	18.99
249	28.8	15.3	0	18.72
250	27.8	16	0	18.68
251	28.9	15.6	0	18.23
252	27.8	15.9	0	17.34
253	30.1	18.2	0	17.09
254	23.8	18.8	0	16.55
255	23.3	17.3	0.67	13.48
256	19.3	12.2	0.27	11
257	19.7	10.1	0	14.27
258	21.3	10.7	0	16.7
259	23.5	11.4	0	15.36
260	20.8	16.2	0.29	7.59
261	21.4	15.2	0.95	12.03
262	18.2	14.7	0.47	6.65
263	20.5	16.1	0.15	9.24
264	20	13.1	2.1	2.64
265	15.5	11.5	0.54	8.92
266	16.8	11	0.52	10.36
267	18.7	10.2	0	14.55
268	20.1	12.5	0	10.09
269	21.4	12.4	0	11.31
270	22.3	13.5	0	9.73
271	19.7	14.4	0.02	9.88
272	20.2	12	0.16	8.1
273	19	12	0.01	10.73
274	21.2	14	0	11.92
275	22.3	15.7	0	8.02
276	20.3	14.3	0.26	4.91
277	16.9	13.5	0.05	8.41
278	17.7	13.8	0.03	9.5
279	19.4	13.6	0	10.51
280	19.4	17.1	0	7.06
281	18.3	13.7	0	7.53
282	19.4	14.7	0	7.6
283	21.3	13.4	0	9.52
284	19.4	16.5	0.44	4.79
285	16.5	13.2	3.51	3.33
286	20.9	14.6	1.73	2.26
287	14.7	8.6	0.12	9.27
288	10.8	7	0.5	8.61
289	12.4	6.8	0.1	6.34
290	12.2	5.8	0	10.24
291	12.2	5.4	0.42	7.19
292	17	10.5	0.66	4.99
293	13.2	8.6	2.11	1.02
294	15.1	11.7	0.59	6.98
295	14.3	9.4	0.26	6.49
296	13.6	6.2	0.2	5.47
297	12.5	10	0.79	3.57
298	10.9	7.7	0.91	2.04
299	11.8	5.6	0.11	4.53
300	10.9	8.6	1.33	1.77
301	13.2	8.3	0.56	3.99
302	14.7	10.4	1.08	6.03
303	13.8	9.5	0.49	4.88
304	13	9.7	1.43	5.1
305	14	9.2	0.8	2.35
306	12.2	8.3	1.09	2.3
307	11.3	7.8	1.15	4.66
308	9.9	6.6	0.44	2.98
309	11.5	7.5	0.5	3.51
310	11.2	8.5	0.34	4.05
311	11.4	8	0.42	5.35
312	10.6	8	0.83	2.71
313	10.8	7.2	1.04	3.83
314	9.3	6.3	0.59	2.05
315	10.2	5.5	0.16	4.86
316	9.8	3.3	0	4.53
317	14.5	4.7	0.95	1.58
318	12.7	9.7	0.68	3.76
319	11.5	9.1	0.42	4.31
320	9.4	3.7	0.01	3.02
321	8.9	2.4	0.11	2.4
322	13.3	4.2	1.09	0.54
323	13.2	11.4	0.58	4.28
324	12	6.7	0.23	4.35
325	10	3.5	0.02	1.94
326	10.7	1.7	0.03	2.03
327	13	10.1	0.07	1.97
328	8.5	5.4	0.28	3.72
329	8.1	3.8	0.08	3.35
330	7.4	3.5	0.23	1.54
331	5.4	2.8	1.73	1.03
332	4.3	-0.4	0.32	4.01
333	4.1	0.3	0.63	3.14
334	1.8	-3.7	0.07	3.11
335	0.8	-3.6	0	4.05
336	3.2	-4.2	0.06	3.39
337	1.2	-1.6	0.29	1.94
338	3.5	1.1	0.31	1.54
339	1.8	0.8	0.1	0.73
340	5.9	-0.4	0.01	3.32
341	2.6	-1.9	0	3.02
342	8.1	1.2	0.2	1.53
343	10.6	5.2	1.54	0.7
344	10.7	7.8	0.97	2.51
345	9.8	4.9	0.43	2.38
346	9.3	3.7	0.46	1.33
347	9	5.2	0.13	2.26
348	6.6	3.4	0.04	1.41
349	9.4	5.5	0.03	3.26
350	10.5	5.3	0	1.09
351	10.2	6.9	0	3.04
352	10.1	7.1	0	1.53
353	10.7	7	2.5	0.25
354	10.1	6.7	0.22	1.67
355	11.4	7	0.47	1.89
356	8.9	6.2	0.71	1.14
357	10.4	7.1	0.25	0.62
358	12.1	9.4	0.85	0.46
359	11.3	9.9	1.19	2.13
360	10.8	2.5	0.51	2.74
361	10	2	0.47	0.57
362	11.1	9.6	0.22	2.11
363	10.4	6.9	0.54	2.89
364	8.7	6.6	0.03	1.67
365	9.6	7.7	0.44	2.03
